mfcc1,mfcc2,mfcc3,mfcc4,mfcc5,mfcc6,mfcc7,mfcc8,mfcc9,mfcc10,mfcc11,mfcc12,mfcc13,mfcc14,mfcc15,mfcc16,mfcc17,mfcc18,mfcc19,mfcc20,mfcc21,mfcc22,mfcc23,mfcc24,mfcc25,mfcc26,mfcc27,mfcc28,mfcc29,mfcc30,class
-517.304652,-36.988369,-37.19795,33.781951,16.971196,18.934503,-30.172417,-4.646184,28.622689,-5.119971,-12.617194,24.012243,1.710644,-12.636654,2.209792,-10.988549,38.3576,-27.625749,11.574572,8.862511,13.453244,7.408414,7.608673,2.746275,5.930775,-3.230861,-13.306246,20.23293,-8.171426,1.555775,Instrument.Aerophone.Wood.Clarinet
-575.031777,-10.797991,-52.993984,2.029256,7.357598,50.701204,22.829815,-11.645888,-44.334844,23.135417,22.080612,-17.858334,-20.546859,5.434167,-9.924063,19.139743,33.995132,-32.795159,-0.639177,19.5355,13.7507,18.898307,-7.263361,8.616396,-3.516185,13.256706,8.16152,-17.270561,2.820382,0.107735,Instrument.Aerophone.Wood.Clarinet
-358.891176,4.889186,-38.847819,-8.029446,-40.994993,-19.276401,-27.270633,7.641633,19.194229,21.60233,-3.519213,-23.858277,-9.238633,10.045339,3.154794,-5.346238,23.240573,10.289583,-16.473526,-6.733759,9.606731,-8.443138,-4.91266,8.405834,-3.52012,12.228741,10.87529,-15.76453,3.806484,-3.164547,Instrument.Aerophone.Wood.Clarinet
-579.901541,-32.419937,-66.669336,-0.071422,5.212727,45.820049,10.079688,-11.086254,-19.991938,35.7408,21.199561,-22.514438,-12.370908,6.608449,1.379295,28.165751,7.773646,-34.482122,25.902864,14.951043,6.138026,-2.194189,-13.643205,19.245514,-1.207703,22.425035,-28.763212,9.354104,3.056354,7.856952,Instrument.Aerophone.Wood.Clarinet
-381.27287,40.645956,-45.198618,26.041872,-4.823613,14.029999,7.35742,-0.716642,-2.853773,-15.868602,-22.419601,-25.35338,-21.123256,-2.741042,-1.659321,-6.767241,-20.196788,-17.131803,-14.655412,-6.755504,2.290454,26.482838,30.821246,3.925666,-0.585921,-0.009981,4.508829,13.008012,7.243075,-2.485803,Instrument.Aerophone.Wood.Clarinet
-505.590201,7.218693,-39.234718,-17.508843,-7.882427,-0.040431,14.670314,16.61917,-2.777773,-15.839729,-31.20797,1.722353,23.635315,18.840993,27.880068,14.210074,-15.263674,-17.883044,18.05416,19.504015,-4.480852,1.760919,-3.461778,2.578302,-5.780542,-2.932767,25.604172,12.74825,-7.695809,4.320766,Instrument.Aerophone.Wood.Flute
-682.961723,-0.342731,-31.949278,4.999958,32.988807,-5.021215,-16.995194,-0.567908,13.331655,-3.257368,3.846725,27.609541,12.643689,7.733644,3.05586,12.430841,0.756622,-14.707798,12.256924,11.195134,-6.741895,-3.323853,11.451181,20.998,-5.623953,-2.007762,16.948816,4.214667,-5.839271,3.540299,Instrument.Aerophone.Wood.Flute
-587.953117,-3.813383,-45.020912,-11.332794,31.759855,31.491789,-18.642607,-28.684379,5.786579,28.111444,-5.47052,-23.666216,20.333045,22.795134,21.537653,-0.201312,-20.523363,23.644875,7.360063,-5.123948,-9.204561,6.501196,18.44165,0.284567,-4.65713,-0.227304,21.332693,4.850089,-0.437606,6.434571,Instrument.Aerophone.Wood.Flute
-696.892504,58.809366,-26.69467,16.489401,4.125973,-15.38951,-32.615111,-26.24506,-11.316042,-1.646599,2.945047,17.149358,43.232531,44.320208,17.211659,-6.81908,-0.673795,17.605204,-1.286845,-25.846475,-16.828571,11.404021,6.784792,-2.246923,10.865642,24.608352,5.127152,-1.291584,10.157387,2.846481,Instrument.Aerophone.Wood.Flute
-576.747125,53.551131,-34.655746,-1.508121,7.495636,-7.98605,-13.284679,-21.793774,-13.351583,-15.538322,-22.561108,-20.848469,-8.818708,14.260051,46.424013,52.745553,25.227649,-11.564005,-12.82613,16.79772,18.038476,0.215218,-14.264443,4.301017,7.051437,-13.364379,-17.324,13.449572,22.428453,2.675055,Instrument.Aerophone.Wood.Flute
-353.342612,71.118803,2.780422,16.979109,9.644179,6.26308,5.995124,7.696881,8.308478,7.225226,2.055328,3.2251,0.910058,1.24584,-0.812392,5.591,-3.706601,1.562217,4.186722,1.147741,1.364018,4.354723,4.719028,5.543851,2.004211,0.329066,0.340427,0.998117,-0.353109,0.894107,Instrument.Membranophone.Bimembranophone.Bassdrum
-267.42488,57.397557,23.32366,30.686121,11.943428,8.56502,6.295013,7.999117,6.322756,7.242395,5.172315,2.406292,1.364291,2.98944,1.30548,5.320331,1.142438,2.637939,0.921262,1.646674,2.64962,1.52019,0.58778,2.773953,1.74791,2.408805,0.739063,2.421904,-0.376104,-0.717655,Instrument.Membranophone.Bimembranophone.Bassdrum
-284.630384,9.827906,8.732171,-17.297352,-3.13772,-12.258899,-0.732386,5.193451,-0.398178,-4.5515,-4.291832,3.107579,2.781563,0.733594,-7.213873,-7.276804,-4.321877,-3.240474,2.176642,-1.839349,0.0541,1.99929,-2.011376,-3.238778,-1.408217,-2.49664,5.389775,-2.796415,-4.299793,-1.48734,Instrument.Membranophone.Bimembranophone.Bassdrum
-350.093083,61.099348,4.303215,31.019042,7.693549,20.297069,10.806897,13.819926,4.649299,5.937617,-1.832945,6.897173,5.913611,5.890491,3.466965,6.257027,6.032522,3.6308,3.713809,-0.745648,0.15869,1.342384,1.032073,3.252164,0.469564,0.986073,1.737845,-0.818119,-0.322533,-0.908375,Instrument.Membranophone.Bimembranophone.Bassdrum
-276.458943,70.096109,28.922346,29.945225,12.412786,12.524865,5.494908,1.925974,2.158216,4.353008,2.914764,3.789137,4.832109,4.692384,0.703022,2.284228,2.155034,1.556795,0.499176,-0.347997,-0.234584,-1.128333,2.897145,1.998422,1.665995,1.289545,3.436666,0.517871,0.046799,1.968337,Instrument.Membranophone.Bimembranophone.Bassdrum
-491.293262,-17.481069,-51.023244,-11.369775,-7.920358,-16.91745,-17.346189,40.074037,51.799569,18.773833,-28.218569,-23.061052,14.963661,20.017156,-8.436794,30.315025,39.824032,-9.432546,-29.589337,0.536293,15.294472,1.545444,12.64024,-0.234142,11.539475,11.250396,-22.023201,2.974711,15.792225,-5.630262,Instrument.Aerophone.Wood.Oboe
-447.574872,8.699456,-54.066635,-20.967052,-22.272766,4.61078,-12.61727,29.360435,37.148855,-3.226607,-33.746544,-7.481176,6.178863,16.042358,0.413526,29.398069,19.306155,-20.066659,-21.83236,26.715287,-1.972172,3.235489,6.834476,-2.958987,15.291433,-8.117911,-17.483365,22.239339,10.74765,-0.927871,Instrument.Aerophone.Wood.Oboe
-442.306562,39.509252,-75.231315,2.218087,-11.961768,1.630598,-24.338655,-20.376414,1.077834,7.430474,31.185524,29.693691,-2.50512,-20.33889,-5.430112,7.99248,-8.356516,-25.946046,-11.141736,27.880906,28.614343,13.306348,15.141778,1.306068,-16.689076,6.43108,17.427002,-11.380795,-11.393699,8.143321,Instrument.Aerophone.Wood.Oboe
-623.404154,-33.365036,-48.553625,-3.016246,22.577425,33.260497,-4.914687,-16.619999,29.15188,37.798437,-20.066021,3.643678,24.04571,19.046087,0.921196,-19.934317,7.117249,37.244496,-23.582249,5.992303,5.802092,14.056238,1.773016,-2.487001,-6.731114,14.56615,4.875918,-14.732745,14.476894,3.553747,Instrument.Aerophone.Wood.Oboe
-529.648667,39.406433,-63.249079,7.544135,-5.360489,12.418224,1.290104,-2.677781,-5.173652,-13.084807,-17.710262,2.378511,19.849131,53.775494,39.200454,-12.818637,-17.834181,7.504461,29.961704,4.672462,-21.51804,-9.429191,5.870487,-3.398006,-15.637148,22.566667,30.349908,-2.026367,-1.184802,14.957647,Instrument.Aerophone.Wood.Oboe
-291.67345,57.514219,-26.80827,-0.175928,-3.649335,4.97632,-2.8714,-7.104659,-3.604346,-8.002941,-0.327634,1.663062,3.941778,2.681024,-2.432105,0.54751,-0.817527,-0.50095,2.44928,0.821552,-4.289179,2.476972,-3.43808,0.117074,-2.289614,-3.976884,-5.675173,-4.508472,-4.516055,-2.21735,Instrument.Aerophone.Brass.Trombone
-332.219219,74.423288,-40.28865,2.811025,-11.692881,-1.542821,-8.139526,-7.376537,-6.947419,-4.767569,-6.574633,-5.438423,0.843413,1.489386,-4.855454,1.318484,-0.768819,-7.635275,-4.025012,-4.095859,-4.880646,-2.467055,0.823924,2.433903,-5.119572,-2.582243,-2.576126,2.005505,-4.423638,1.006408,Instrument.Aerophone.Brass.Trombone
-318.110292,92.714573,-34.485926,15.229819,-11.467294,7.498045,-1.994907,-9.421726,-7.732319,-6.351295,-7.228947,-0.324473,3.726789,4.170389,-5.308427,-0.305381,-2.670148,-6.676122,-7.288406,-1.603716,-7.3078,0.732303,2.182114,1.727817,-2.960633,-3.036728,-4.60691,0.073368,-7.561612,-4.494238,Instrument.Aerophone.Brass.Trombone
-456.6853,64.325933,-53.187462,-0.805175,-23.848618,-4.993902,-11.028269,-12.389265,-14.132093,-5.226518,-2.484836,-3.904298,-9.958322,-8.623788,-22.770327,-19.546836,-29.04983,-6.681199,22.63318,36.135081,25.821092,4.173566,-11.282311,-3.891151,11.434364,9.401259,-4.884419,-6.39124,4.384806,13.743089,Instrument.Aerophone.Brass.Trombone
-284.89349,43.679429,-29.767212,7.494266,2.379135,7.920387,1.168407,-4.400313,0.491186,-10.278509,-7.690074,0.450386,1.711036,-3.323816,-5.493676,4.632178,-1.642202,-1.131848,1.187269,-0.039815,-7.341009,-0.399696,-2.758255,0.184825,0.182152,-4.20795,-8.427716,-2.749322,-4.845426,-3.416476,Instrument.Aerophone.Brass.Trombone
-371.427855,-72.526053,-15.824733,-9.763571,0.940405,1.579636,6.970517,-2.87903,11.414629,-13.325317,-5.138036,3.821647,-12.140194,22.048726,-23.945292,-7.839442,0.352768,6.740842,-2.320145,-5.182604,4.368109,0.213404,-6.301772,1.654012,10.538543,-6.350828,1.29614,-2.763248,2.532157,-4.096632,Instrument.Idiophone.Metal.Crotale
-336.83963,-76.049481,-7.670886,-5.212284,-12.912535,6.446181,5.508811,-5.779722,5.235088,-21.843499,-0.626867,-4.215305,8.668925,-12.311533,-22.982597,10.507818,6.862682,-7.053992,-11.35773,1.520885,-0.504841,-5.989094,1.686453,-0.175608,-4.255723,-6.472549,5.356245,2.400589,-5.676602,2.332032,Instrument.Idiophone.Metal.Crotale
-440.968244,-80.576574,19.123748,11.745854,-1.295639,7.311461,10.053912,-5.245017,-12.591738,11.314661,-13.579251,-11.930729,9.028986,-3.957016,-12.786618,11.625005,-4.023645,-10.318139,8.017662,-14.609531,4.130296,-3.868389,-1.541756,-0.840681,2.117279,-4.500052,-0.006982,2.318684,-4.167526,-0.741767,Instrument.Idiophone.Metal.Crotale
-433.058898,-84.998232,17.365188,18.117983,10.361147,0.495155,5.06774,-0.117578,-12.231074,-2.083453,-4.074287,5.345101,-2.712778,-1.24658,-11.577851,-10.42549,10.101319,-15.437981,14.275789,-4.708868,-2.407223,-2.73653,3.811369,0.588706,-2.195032,8.513007,-13.53365,2.536288,1.182065,-3.851108,Instrument.Idiophone.Metal.Crotale
-391.772864,-55.610517,14.165449,0.563587,1.854554,9.931644,-13.15963,-0.382707,15.652547,-20.791173,9.001692,-2.896212,-5.671301,5.794304,-12.080261,4.983601,-8.857,-9.492408,9.921575,-16.668772,6.520032,-3.528522,1.495997,2.633418,-2.649801,-1.580146,1.644313,-10.264738,7.153982,-7.386714,Instrument.Idiophone.Metal.Crotale
-540.748815,-125.517594,33.827991,-2.426407,14.11641,-0.904491,4.295843,8.872317,-1.675371,1.620199,3.510965,-2.833753,5.882574,-0.217,2.325454,-4.799022,5.676331,3.250999,-1.576137,3.94998,-1.440537,1.941869,-3.375103,8.73064,-2.170839,1.72681,-0.787909,4.462194,-1.679679,2.905221,Instrument.Membranophone.Unimembranophone.Tambourine
-339.280206,-79.244111,17.259545,-13.000752,20.835095,-1.187521,-13.779979,16.050143,-11.160251,3.585472,2.76321,0.872301,1.297766,-1.621395,0.122109,2.917632,0.391759,0.794715,-3.364246,3.625734,-0.423671,5.223538,-1.624669,4.614867,-2.253606,4.990552,-2.282666,0.376818,-0.736095,-0.373575,Instrument.Membranophone.Unimembranophone.Tambourine
-415.438407,-128.336412,-6.344237,-26.5279,-5.695217,-22.881217,-0.439548,-11.750027,2.788936,-4.73334,-7.623982,1.153185,-10.889068,4.207457,-11.731949,0.909733,-4.294175,2.093881,-7.575645,-0.17729,-6.599167,0.837722,2.754595,-0.182852,-2.142088,-2.177143,-2.559596,-1.741977,-2.517811,-0.496266,Instrument.Membranophone.Unimembranophone.Tambourine
-312.766527,-12.949091,23.956245,-6.15255,10.345452,-0.71276,13.387653,-2.735707,5.59173,-2.776705,3.355526,3.063809,-0.940966,-0.289763,2.119592,1.057826,-2.129784,-4.936167,1.124773,1.555227,0.734526,-2.312673,3.40453,-2.541628,2.301123,-2.059721,-1.363482,-0.383633,3.268148,0.84053,Instrument.Membranophone.Unimembranophone.Tambourine
-594.481804,-138.314346,86.096435,-17.997434,7.70182,10.875748,-0.518246,5.272661,1.413468,4.61598,1.648504,0.248824,5.169382,-4.829739,3.800582,-3.595807,-2.788321,-0.535897,-0.260256,4.765375,-0.819292,2.00656,-1.240692,1.181861,1.299159,1.763307,0.187986,4.585366,-0.434525,4.353963,Instrument.Membranophone.Unimembranophone.Tambourine
-453.579512,102.519647,-17.759921,5.447479,15.903988,-1.15884,-26.13464,-29.443901,-14.046141,-22.270085,-29.679591,-11.859682,-19.437411,-4.519178,-0.643717,-12.113714,11.946792,20.018588,19.178865,13.913247,7.463611,3.671334,16.080695,-1.145423,-2.926022,2.804593,-1.384414,-2.419035,-7.887833,-7.806181,Instrument.Idiophone.FibrousMaterial.Marimba
-541.376371,142.971355,-15.477132,36.795542,9.913213,-8.210122,25.236983,-0.007906,-20.872626,12.192256,-7.600827,-29.746916,-18.593671,-25.968367,-28.950985,-3.620357,-12.595281,-23.467749,-4.125689,-5.851519,-28.310011,-13.45935,3.689684,10.801903,20.335454,10.770775,-2.658356,-3.02291,4.375295,2.797375,Instrument.Idiophone.FibrousMaterial.Marimba
-529.93589,144.617468,-10.065198,20.318594,19.892094,-0.446844,16.917241,12.450678,-17.981232,-1.846996,17.952926,-6.102192,-16.505836,-12.145949,-30.570645,-28.71569,-7.341138,-12.589865,-27.792563,-12.842546,-0.374364,-13.259754,-17.326389,-16.800291,-21.155161,-5.72029,16.597544,14.616117,6.21614,3.924863,Instrument.Idiophone.FibrousMaterial.Marimba
-359.554054,111.038475,-27.403307,-24.037117,-15.5871,-24.503685,-4.902148,5.510688,10.430367,20.457946,20.0454,2.639329,8.154483,3.193776,-19.335912,-3.573609,0.359217,-14.866388,5.680628,10.728957,-6.608376,6.214346,7.231332,-10.707434,-1.043234,3.333954,-5.757609,-2.083352,3.516687,-1.598961,Instrument.Idiophone.FibrousMaterial.Marimba
-399.422116,91.346921,-56.700215,-12.785371,26.564106,16.821643,-6.863267,-16.520893,-13.658476,20.250961,17.875322,-4.44114,-5.555414,0.19007,13.905534,15.907918,-8.810167,-7.447691,3.954951,2.032422,5.037226,-6.088792,-5.057341,3.283572,2.552203,1.231526,-6.926664,-1.443914,-0.824198,2.387279,Instrument.Idiophone.FibrousMaterial.Marimba
-464.666659,188.200674,11.157587,15.59668,4.494902,3.78388,-4.197677,-0.959858,-3.034199,-3.929266,-7.300217,-10.963821,-13.290459,-9.499572,-7.907057,4.404973,2.947867,-0.61121,-2.218248,2.4844,7.372176,7.68221,-0.828037,-8.949589,-7.120815,-3.761432,-6.526232,-5.289395,-3.862061,-5.02171,Instrument.Aerophone.Brass.Tuba
-658.27019,173.073612,68.038147,24.79508,11.171935,4.796478,1.32633,-7.503718,-2.949231,8.279418,1.44845,-2.523189,-5.684963,-11.000875,-7.630152,5.209189,1.956216,0.15534,6.093105,2.076783,4.816842,9.874058,5.093022,-0.654219,0.220409,-2.220529,-3.425956,0.462673,-7.83772,-6.052383,Instrument.Aerophone.Brass.Tuba
-663.249524,183.305879,80.5495,42.449652,26.096218,13.284647,4.434166,-1.4171,2.849197,5.285903,-10.895466,0.422923,6.54642,0.295809,1.666208,8.205495,-3.334293,-2.106979,8.36784,-9.601856,-4.374045,4.430509,-3.429898,0.209377,6.978086,-5.399934,-4.625235,10.016105,-1.971997,-5.776649,Instrument.Aerophone.Brass.Tuba
-588.193559,128.313634,20.20505,17.537644,-6.771453,-12.485952,-12.786658,-12.708133,-18.721743,-18.709435,-25.317667,-17.45207,-20.293286,-22.429935,-31.523605,-21.673844,-3.70749,17.077133,36.499541,37.055459,16.485194,-2.243033,-0.513559,10.648374,12.997632,-1.656256,-7.138227,1.683731,12.658547,3.416411,Instrument.Aerophone.Brass.Tuba
-448.891131,211.230876,12.338219,5.791607,4.785938,-0.889053,2.112222,-7.459632,-6.159997,-2.49882,-0.720774,4.924636,-6.735876,-4.466185,-7.708256,3.114767,1.828465,-1.272073,-8.761579,-6.696577,2.850182,-1.4018,-7.893831,-6.766155,4.856016,3.764958,-3.018083,-6.713033,-5.856257,-2.560907,Instrument.Aerophone.Brass.Tuba
-277.471418,61.969393,-48.388637,15.838732,-11.769031,-15.28286,-9.246349,-9.492823,-8.618744,-12.753343,-12.393033,-2.254827,-4.354595,-3.555006,2.042653,2.626967,-5.723609,-5.611089,0.14402,2.228947,-4.850156,-5.484015,-14.540602,-12.840658,-13.732491,-6.952862,-2.737274,6.816583,10.490467,5.551971,Instrument.Aerophone.Wood.Saxophone
-424.235853,81.587893,15.983636,23.392097,-3.370131,-13.446639,5.947711,6.064922,0.928457,-6.74936,-7.631503,-1.204634,-0.317443,-3.728398,-0.012409,2.203567,-4.013878,-2.599331,-0.233934,0.329024,-0.286553,5.409189,2.041068,-2.60337,-5.830701,-4.761555,-4.711378,-4.349997,-9.424502,-14.652769,Instrument.Aerophone.Wood.Saxophone
-376.713743,43.525653,-43.158088,20.982006,-21.451026,-16.348152,-14.265595,-15.849112,-18.219469,-17.85824,-20.053824,-27.414997,-15.582154,1.653949,21.051766,37.340792,24.417261,-1.516408,-13.422298,-2.638239,13.556662,6.999632,-15.764994,-6.084353,1.335703,-3.948992,-12.810148,-3.100038,10.830931,4.852875,Instrument.Aerophone.Wood.Saxophone
-322.185046,47.732597,-32.765451,25.097399,-0.422933,-0.213352,-10.744312,-13.216559,-9.802724,-4.395539,-5.963639,-0.314707,-7.676288,-11.893656,-7.390499,-9.423231,-16.18056,-16.644035,-17.584599,-13.868296,-3.638476,10.617375,18.571208,23.88793,7.707614,-1.627922,2.711717,10.221102,6.540528,-5.153631,Instrument.Aerophone.Wood.Saxophone
-409.788712,52.269984,-34.602608,-2.739386,-8.730712,0.06926,-7.838501,-17.983831,-18.299052,-12.153442,-22.045806,6.624283,32.354738,32.135313,9.572782,-17.993194,-12.22139,10.204786,8.252789,-15.60194,-20.668498,-3.96537,3.802289,-3.18805,6.005959,19.569931,14.361732,-8.513127,-2.159217,7.508555,Instrument.Aerophone.Wood.Saxophone
-342.995978,121.299465,9.879435,5.544411,6.622503,-26.36858,-21.424734,-7.695449,-0.393889,-8.862514,4.416534,4.866469,-3.951496,-4.497211,5.213969,-1.983999,-4.978127,-4.871605,-7.359461,-0.583737,3.002291,3.085918,-0.441954,-0.873524,-3.370914,-2.11849,-1.509991,3.634419,1.786953,3.512872,Instrument.Aerophone.Wood.Bassoon
-409.691157,159.314727,2.315543,0.195624,-12.282975,-6.088284,-9.867382,-4.636905,-16.62875,-14.971128,-3.083161,-0.685065,1.165673,4.645474,9.342267,0.471943,-3.363655,6.564956,-1.022082,-2.306955,-3.665957,0.839522,4.954512,-0.877377,2.486054,3.739791,-4.441398,-2.6893,1.961936,-0.413695,Instrument.Aerophone.Wood.Bassoon
-381.621197,131.789457,-3.762392,-0.353897,-10.980179,5.887462,4.34437,11.200655,-15.448934,-17.610741,-9.962355,-7.896843,-2.684588,10.133814,14.859075,-1.340151,-6.510496,3.875999,0.028452,-1.888886,0.783854,5.462037,3.063106,-6.943031,-1.784168,0.553721,-3.115288,0.206909,-3.209675,0.328603,Instrument.Aerophone.Wood.Bassoon
-371.14129,134.138034,9.585276,-0.266347,-8.686081,1.847602,-10.843098,-1.537606,-2.879197,-13.471624,-5.799164,2.143007,-0.634748,-2.251242,10.239379,12.294376,-0.090794,-0.356735,1.458228,-0.408267,3.216104,4.453995,-5.340558,-3.583242,5.10184,0.778892,0.515851,1.95092,-1.815599,-4.491572,Instrument.Aerophone.Wood.Bassoon
-488.055777,155.993966,6.21263,1.998563,-11.479887,-1.949069,-15.633495,0.721627,-6.826223,-8.73089,5.603436,7.349357,2.791099,-2.610229,10.652819,6.094791,-2.995832,7.836429,-1.731375,-0.772252,-1.55098,-1.379632,2.038219,4.882184,5.065972,2.97087,-0.840416,-2.633697,2.6795,1.072599,Instrument.Aerophone.Wood.Bassoon
-539.560592,132.034715,11.062448,14.491475,7.232806,3.075075,0.002235,1.282027,-9.621843,-9.995513,1.638342,-1.320573,0.535277,1.832062,-6.592425,-7.633294,-7.960463,-9.460919,5.031209,5.693468,7.526941,-1.104036,-3.430037,-0.758378,-1.487429,-0.515186,1.44325,2.926116,-2.139689,-0.427449,Instrument.Chordophone.Pizzicato.Guitar
-405.417091,85.83091,1.509177,13.926092,5.889298,8.075152,4.435276,-13.860291,-18.809289,-5.58808,0.478083,12.133039,12.218295,-5.293455,-5.75713,0.776293,-0.938329,-6.700769,-0.056259,-2.127057,0.521478,1.998097,-3.695259,0.435785,0.596933,0.542659,-1.26145,-0.319824,-5.136903,0.011007,Instrument.Chordophone.Pizzicato.Guitar
-397.035003,117.192023,-11.10221,41.035856,2.013848,19.77532,7.364083,5.26159,-2.952471,8.33327,3.873111,8.599752,11.416802,0.496391,-1.992517,-2.489604,-7.029694,-12.916681,-7.409305,2.61056,8.17974,-0.232903,-4.006318,2.443995,6.514607,3.948121,-1.948949,1.394339,0.933885,-6.498504,Instrument.Chordophone.Pizzicato.Guitar
-424.410179,120.470126,-10.385046,39.261041,4.835595,10.213633,-6.323231,-6.032262,-7.403506,-1.227839,2.775816,0.84496,0.786687,-2.493897,6.663419,8.727345,3.181699,-4.903843,-8.893047,-6.86185,-10.564693,-1.537639,6.454887,1.157155,-3.309198,-1.145132,3.939752,1.462302,-2.450058,-1.541862,Instrument.Chordophone.Pizzicato.Guitar
-414.569497,78.504968,6.719327,32.252678,10.529268,5.907739,-6.539002,-7.682456,-12.452476,-4.984095,-0.594193,6.148762,3.607696,7.478188,3.238595,-6.858577,-18.374876,-9.56229,-15.656759,-16.254756,-5.075068,-7.86527,-6.165545,10.505243,18.736344,15.529319,-0.020715,-2.805059,4.840327,5.893127,Instrument.Chordophone.Pizzicato.Guitar
-628.18496,108.553496,-3.021517,-1.105369,-16.233177,-18.919462,-10.613868,-13.237459,-17.470533,-11.709503,-23.372795,-27.279273,-17.978843,-5.888084,22.335212,44.26337,44.186251,18.237703,-2.318673,2.343272,11.974229,14.112078,-1.640524,-4.679677,5.129453,6.379036,-6.329674,-16.806921,-3.377682,14.654908,Instrument.Aerophone.Brass.Horn
-345.524001,104.397262,-27.996844,6.53415,-6.178787,-14.899517,-11.51713,0.253019,-9.168972,-5.462819,-4.803282,0.200741,-2.547848,-2.652141,-1.164966,-3.70912,-1.867898,-1.227932,-2.567469,1.77805,-6.398629,4.745578,-6.952461,1.587798,1.650555,-5.021331,3.60411,-2.555198,-3.698537,4.711738,Instrument.Aerophone.Brass.Horn
-631.931774,133.912649,9.73313,2.771687,-2.581762,-25.922199,-16.080722,-4.3082,-2.205441,-14.423565,-16.488002,-7.324442,-7.281974,-14.094713,-32.579258,-31.803177,-17.558088,-0.761178,31.685733,38.60245,24.141341,18.484151,-6.37599,-7.186971,15.961652,18.385411,-5.095301,-9.073651,7.137475,14.701685,Instrument.Aerophone.Brass.Horn
-551.560029,171.84375,19.981325,12.999385,-6.613437,-15.73336,-11.942778,-3.657165,-6.499762,-9.882247,-3.034916,0.868197,-5.280824,-10.480802,-5.206662,0.299946,1.518869,-1.696744,0.745662,5.1267,2.402909,-8.946294,-9.28686,7.020914,4.463072,-2.079426,0.283447,1.643945,-0.116339,-6.33581,Instrument.Aerophone.Brass.Horn
-644.476014,173.360258,39.581017,-1.213749,-6.384801,-17.576176,-7.900978,-1.517232,-2.103682,-0.111864,-2.082777,-2.283849,-5.643877,-3.908036,2.248496,2.455162,-3.80791,-0.729507,5.966938,2.789473,0.63989,-3.289247,-4.907621,-0.455073,1.575091,0.131023,-5.058928,-2.475718,-4.290822,0.170619,Instrument.Aerophone.Brass.Horn
-241.290096,13.115858,-57.921895,10.201008,3.825287,10.293433,-6.16207,-20.439992,5.316892,11.214252,10.611934,-14.697917,-14.304309,8.941415,11.372906,-0.881012,-16.264459,-0.523515,2.62493,6.989714,-8.937734,-0.950065,-3.909056,4.83116,-6.760678,1.46362,-3.453388,3.546974,-3.123579,-1.779135,Instrument.Idiophone.FibrousMaterial.Xylophone
-240.903149,-27.448924,-11.999176,2.941826,-18.20797,5.705083,-21.842098,-21.957165,-22.657522,-8.965545,-1.49996,-11.719051,3.088145,1.779612,15.517115,23.566726,0.840505,9.392082,1.262576,8.850956,-7.091155,-6.745503,-13.592495,-8.982166,0.338408,-9.014454,-8.050536,2.799546,-1.65994,6.910447,Instrument.Idiophone.FibrousMaterial.Xylophone
-238.755303,-27.419479,-24.386957,-8.618367,-23.326465,-20.610089,-6.018445,12.774383,5.422867,5.264553,13.060619,6.069999,-18.73647,-1.193832,-11.933313,-5.403718,-12.172587,12.436377,7.32532,-4.253682,5.676705,4.026022,-8.191843,-9.292828,0.142565,1.466238,-3.005001,-0.275465,8.659757,-1.405,Instrument.Idiophone.FibrousMaterial.Xylophone
-309.270724,-55.534663,-31.296185,21.207676,-12.189762,-5.52116,4.850248,-0.292176,10.5598,5.69702,-7.84215,5.913747,-2.22682,-12.386447,7.481307,-6.252994,0.794521,-0.199182,-4.333213,3.726795,0.714412,-7.949361,7.267633,-0.700411,-4.846675,-1.720161,0.505655,-3.806109,-0.360297,-2.858533,Instrument.Idiophone.FibrousMaterial.Xylophone
-300.400598,-55.742779,-23.787306,16.742568,-2.885061,0.491385,2.157065,6.02787,-12.787988,2.438717,1.777344,-4.801831,-8.580324,9.370862,-2.204649,-5.221813,-5.316483,5.42653,-4.441465,-1.722715,0.540719,-1.090423,1.062307,-3.795605,3.766689,-3.41989,-1.029815,1.423692,0.073886,-2.31365,Instrument.Idiophone.FibrousMaterial.Xylophone
-240.452782,43.764835,28.325642,-6.636227,-11.297375,-18.582104,-15.813847,4.840214,-10.394624,-5.23294,-4.61848,-8.765857,5.29612,-7.617192,-3.775937,-2.336806,-12.789144,-2.320793,-12.84343,-20.901786,-33.82619,-26.370585,-1.908594,23.039253,26.594128,19.852612,10.029304,-7.177304,0.266527,10.75908,Instrument.Eletrophone.Electroacoustic.Electricguitar
-74.539716,52.383978,-2.636616,31.702787,-4.921174,-5.441061,-0.809081,0.811112,0.398017,3.156282,-5.053524,-2.584705,1.4182,-1.876819,0.558321,6.560474,4.515593,0.683436,-3.146927,-2.912151,-1.044188,3.292968,1.288286,-1.887352,-2.558101,-0.980186,-3.475312,-2.385716,-5.600567,-3.579811,Instrument.Eletrophone.Electroacoustic.Electricguitar
-256.906355,-26.987101,-15.183929,11.366527,21.622995,-1.041902,12.259794,0.118122,-1.803789,-16.882038,1.975795,5.710976,-4.367551,-7.102895,-2.62098,-8.021635,6.007265,-6.050552,-8.080437,-1.058173,1.976806,-0.150609,2.969518,-4.737245,-4.890776,-6.504783,7.655136,2.641499,-0.426071,2.145868,Instrument.Eletrophone.Electroacoustic.Electricguitar
-131.443413,11.650183,-8.743875,2.708534,0.033818,1.626166,-3.326783,4.512685,2.052984,-4.009411,-9.414396,-4.734879,1.784734,-5.146536,-8.717245,-5.761581,-8.462134,-12.020676,-10.017332,-3.714441,-1.556834,-2.456477,-2.668825,-1.06417,-2.415514,-4.7271,-3.440099,-1.688975,-0.250047,1.438269,Instrument.Eletrophone.Electroacoustic.Electricguitar
-231.992347,101.475432,3.374199,35.234254,-6.063925,-2.948662,-1.465804,6.782687,-1.359821,-6.421264,-1.485298,0.767393,-12.11132,5.877069,-4.381088,-2.954014,-1.222154,-3.748662,-1.600885,0.480903,0.171864,0.620334,-1.180103,-0.777653,-1.525546,2.569967,-0.138775,3.336121,-1.052346,1.151758,Instrument.Eletrophone.Electroacoustic.Electricguitar
-130.49488,51.514567,2.991027,2.285251,-2.586802,5.576929,-7.365098,33.912661,18.578038,10.221572,8.343072,-8.408947,-2.931287,-6.928926,-13.342413,0.930217,10.641418,-12.064653,-4.701012,3.811938,-3.93353,3.252114,-1.238174,-3.735342,-5.844192,-5.79454,-2.511551,6.331492,-8.977746,-0.295425,Instrument.Eletrophone.Electronic.Keyboard
-243.069442,-6.294381,-25.413681,-4.567339,-15.729674,-12.727788,-15.480848,-15.937855,-18.803151,-14.821489,-13.533066,-7.465142,4.508605,9.198322,-7.487425,-21.192472,-16.754232,-2.823156,-7.105671,-29.685014,-40.608719,-26.976331,-7.253393,8.871809,27.581953,27.656135,3.692706,-12.116618,1.956556,8.926911,Instrument.Eletrophone.Electronic.Keyboard
-120.561834,38.422038,18.676146,13.704975,0.125756,-5.847101,0.174605,8.428847,10.520256,-3.209484,-18.545205,-7.054186,0.676885,-4.423685,2.695636,1.16413,-14.739451,3.43444,5.608328,-5.773604,-3.169808,-3.458189,-5.099771,1.924828,-1.607902,2.42937,-7.610541,-2.929419,-1.734565,-0.312368,Instrument.Eletrophone.Electronic.Keyboard
-100.970834,38.408343,3.864726,-5.451633,6.685849,13.635698,0.549858,-2.676863,1.278426,-3.841766,-13.311127,-2.409262,-0.369334,6.475382,-2.842778,3.642503,2.490044,-1.035706,-5.856252,-4.785686,-3.580341,-2.377356,0.241312,-1.181201,7.292095,-2.294268,3.381822,0.562936,-1.61612,-1.63318,Instrument.Eletrophone.Electronic.Keyboard
-373.187069,96.61536,-10.150987,13.098567,30.02415,-47.707745,-17.333649,4.811124,-10.852285,-13.751261,18.850957,27.43545,-2.817712,32.240971,13.202169,5.528265,-19.561615,14.666426,-11.592708,-19.370369,-17.544155,20.708399,-13.089397,-9.24532,10.414505,11.452444,-4.523013,-2.163887,6.108416,-4.716489,Instrument.Eletrophone.Electronic.Keyboard
-300.565329,11.270703,-43.576255,-16.57242,-22.242009,1.760992,-5.502997,-13.48793,-8.377164,9.262245,-9.071805,-6.870559,1.92513,10.345375,10.538331,11.328514,-0.743086,1.567507,10.178322,6.384555,-1.701874,1.223501,-0.249486,-4.915913,-5.624582,-7.599498,-4.099301,2.816718,-2.196143,0.461418,Instrument.Idiophone.Metal.Gong
-144.710795,6.450184,-17.750278,25.40224,-12.202807,-15.823026,-37.745173,-21.254444,-6.895957,-9.618116,-3.240356,3.178079,-10.901614,-10.97272,-15.49833,-9.473581,-21.499198,-19.930866,-4.174493,4.10264,-3.907184,-1.821352,7.184119,4.705362,2.186927,-0.766439,2.330294,10.905555,2.833008,-1.510725,Instrument.Idiophone.Metal.Gong
-211.72824,24.606455,-29.060092,18.805828,-0.928393,9.532367,-8.245019,1.350297,-3.270126,1.112915,-5.590117,-4.835293,-6.44851,-7.550304,-6.904898,-3.173965,-0.484915,7.583852,0.635765,0.709141,2.869931,5.546005,5.841515,8.001871,2.690355,-2.198164,4.228331,2.564248,2.768036,2.108397,Instrument.Idiophone.Metal.Gong
-187.173858,53.52662,-36.924874,30.608243,-3.692527,-5.21439,-39.903973,-31.451645,-10.1808,-8.961287,-20.002883,5.131118,-1.557725,-0.702129,-10.737306,-12.434989,-2.703487,-12.113471,-16.839001,-6.076681,-2.035694,-6.478037,-1.187487,3.323086,4.649865,6.707245,-0.154207,1.715776,2.506561,-0.671671,Instrument.Idiophone.Metal.Gong
-294.145541,33.652588,-7.460285,6.967081,14.647177,-1.469509,-20.288342,16.795419,6.263232,-21.999156,1.197584,13.543078,-19.539544,-2.849884,-3.876233,9.645443,-25.568658,-13.597421,4.259764,-11.509003,-9.229059,-1.385312,7.081616,-16.125425,-11.506121,-0.897476,5.181206,-12.8816,7.008692,3.768434,Instrument.Idiophone.Metal.Gong
-365.516179,53.48644,-13.845849,-1.892803,-14.087596,-6.141389,-4.52212,16.840602,-5.944303,15.905144,0.525903,-10.494182,-21.016366,-16.91701,4.893307,16.712094,17.311612,-1.608815,-20.048786,-13.920558,12.079901,10.907995,-2.488214,-9.629441,4.733863,2.642298,-11.79778,-16.313526,4.460032,4.426422,Instrument.Chordophone.Pizzicato.Mandolin
-312.190151,25.788157,-11.265294,-11.13145,-10.786438,8.030872,-5.191988,-11.349027,3.202623,18.000497,-6.208602,3.91829,9.856716,-6.785779,5.326162,-12.987073,-15.057634,10.639506,-18.286448,0.052176,0.13078,3.300458,-0.990864,-3.406115,-1.771942,4.296853,3.317908,-6.610388,5.75372,-0.481173,Instrument.Chordophone.Pizzicato.Mandolin
-361.51322,44.759943,-26.63358,-12.515835,4.912084,3.953166,-1.330425,-18.461063,22.54769,17.056249,-11.59454,-0.999984,17.580044,-10.095994,3.890689,-9.390869,-11.986877,11.671332,-18.852149,3.576672,-4.353079,9.500077,-2.683427,-9.812575,-2.18805,-2.389334,9.124384,-4.672947,9.959098,-0.863866,Instrument.Chordophone.Pizzicato.Mandolin
-315.622651,38.364761,-14.20176,-2.785349,-15.016453,-5.601084,-5.989042,7.289488,20.928832,3.048285,6.705556,7.985598,-2.139939,-3.708178,-2.745357,-5.043995,-17.269751,-7.746549,-4.070383,-7.120178,1.321424,6.41798,5.217465,-6.454339,-11.413253,-10.755269,-7.031612,0.747779,9.383023,14.618653,Instrument.Chordophone.Pizzicato.Mandolin
-317.610238,42.342623,-24.713222,-3.555312,-6.411838,-8.902343,-13.066852,9.529241,-7.564338,9.129164,-0.054091,6.394364,5.923991,-7.838169,-10.388581,-20.770595,-14.012131,3.756176,8.843983,9.326413,0.751929,-8.02951,-2.646479,6.821388,8.764029,-9.118832,-4.911832,5.368768,9.502785,-1.652021,Instrument.Chordophone.Pizzicato.Mandolin
-335.664428,77.713797,-24.382429,-9.51534,-14.863362,-2.492556,-14.669436,-5.262182,-6.272946,-14.239241,-5.427988,-26.201052,-10.640652,-4.784727,16.898991,24.442228,12.246249,-9.756543,-9.657509,10.796014,11.514472,-3.308169,-8.792183,0.579718,4.034762,-12.023101,-13.494711,10.476076,8.547712,2.345022,Instrument.Chordophone.Pizzicato.Banjo
-236.274318,67.401,-22.126671,-9.34656,-17.39245,-3.135638,-17.59326,2.983024,-13.81985,-8.870614,-10.846876,-19.527058,-7.056473,9.320155,14.761945,15.732953,-7.985595,-6.457033,6.397105,10.713421,-0.398043,-15.815733,0.073857,5.718621,-7.569266,-8.249362,9.241854,10.557384,-0.03256,-0.39429,Instrument.Chordophone.Pizzicato.Banjo
-216.798611,61.702839,-20.1279,-11.970484,-12.39673,-10.995753,-13.42821,-0.594955,-7.289562,-6.33864,-2.014905,-11.612593,-1.198351,-6.921061,-15.948047,-13.164813,-9.144963,2.549229,13.557521,15.634247,6.92757,-10.858189,-2.259068,7.811132,6.580788,-7.796138,-5.392337,8.303167,10.791261,-2.695772,Instrument.Chordophone.Pizzicato.Banjo
-312.066964,73.012753,-15.170485,-10.337935,-27.443416,-0.77664,-0.436965,-1.903157,-27.473538,-24.146946,-21.371381,-10.765135,22.387366,15.461636,14.183156,-5.929828,-4.576859,5.759988,-6.903593,-2.116704,-10.630717,-12.861446,2.310292,0.515672,1.162117,2.126847,9.578002,5.662044,-10.338552,8.731643,Instrument.Chordophone.Pizzicato.Banjo
-239.278666,70.862123,-27.313815,-7.611263,-12.615347,-3.78146,-11.839217,-11.203312,-26.026224,-5.233669,13.218136,12.079463,8.525292,-9.441487,-11.839766,10.907953,-3.660759,-14.877185,-10.761919,15.154236,8.91168,-4.371575,10.237422,2.619773,-8.725858,2.290095,3.387101,-8.990448,1.131792,8.056519,Instrument.Chordophone.Pizzicato.Banjo
-471.768501,192.644322,-27.46524,33.541214,7.32258,3.940089,11.929433,7.137994,1.76436,1.652193,-19.806257,-2.751656,-1.377493,-5.722623,10.778815,-1.729732,3.292286,-11.082292,-4.215439,0.601059,-6.60328,3.375426,-8.316531,-10.774219,-10.280254,-13.652599,-1.645065,7.269283,6.471064,5.64554,Instrument.Chordophone.Pizzicato.Doublebass
-444.906431,178.944096,-30.393711,43.197378,3.824074,-1.458923,7.380272,1.653939,-0.264691,0.899598,2.106591,1.785371,0.559043,-0.868481,-3.945694,5.391736,0.748261,-0.884053,-15.868666,-8.451308,-9.12546,0.518878,0.983741,5.987456,6.781918,-8.706357,-2.632358,0.89563,0.898658,-0.550046,Instrument.Chordophone.Pizzicato.Doublebass
-548.442667,217.328568,-20.13472,23.609225,24.299676,-3.746537,13.210123,11.687568,-1.684689,3.376661,1.479178,6.648872,5.649195,-2.069977,-3.011918,4.142542,6.041226,0.704855,-0.935619,1.925963,3.704595,-0.950126,2.947575,-0.558443,-0.263261,-1.550853,-3.517743,0.110461,-0.224455,-1.559567,Instrument.Chordophone.Pizzicato.Doublebass
-415.342016,138.259343,25.820705,12.584765,16.023779,9.52089,-0.471119,16.295251,-6.624958,4.467019,-8.125716,-3.428742,2.965393,0.375359,0.925258,-1.374238,1.734258,-4.868293,-3.274726,-1.32363,2.078618,9.428859,-0.975528,-1.683005,-0.932641,-7.603489,-3.977544,-2.277576,0.334537,2.334462,Instrument.Chordophone.Pizzicato.Doublebass
-359.692361,136.795717,-6.911217,13.557615,7.268172,6.837539,1.57183,5.636412,-2.600172,6.875323,-12.94247,0.255324,-6.352622,1.915488,7.223081,2.298929,1.68941,-6.097696,-0.406149,-6.097395,2.485696,3.468592,-8.539228,-7.363199,-11.257266,-14.599125,-10.76827,6.041423,8.920517,10.824756,Instrument.Chordophone.Pizzicato.Doublebass
-220.257895,104.703363,-23.482621,7.886456,-23.712572,-12.685234,-19.03601,-24.718921,-12.00299,-4.280305,-5.2605,-1.168701,3.25971,4.214138,4.712489,2.086598,-0.195897,-0.663137,-2.367226,4.84651,-1.970071,-0.68621,4.245336,-1.870302,-0.885505,1.104091,-2.078956,1.306609,1.813974,-0.45301,Instrument.Idiophone.Metal.Cymbal
-176.289399,-9.89485,-9.512994,-20.462305,-10.032606,0.015379,6.544449,16.688389,-0.187785,-1.837978,17.547116,3.230988,-6.479997,-9.14895,-13.383701,-6.073945,8.612307,4.727121,-6.000831,-3.954443,1.06127,7.473024,-4.45154,-10.783555,-0.512552,-4.930507,-3.825056,2.915922,-6.762674,1.562358,Instrument.Idiophone.Metal.Cymbal
-152.021038,-13.052014,9.578106,5.591041,0.858198,8.923284,3.993825,-8.441755,-11.282826,-2.159909,1.447175,4.934555,-0.5482,-9.467806,-0.22135,6.588677,-2.525203,-2.507063,-1.480186,-14.134737,-5.629091,3.669098,-0.666099,-2.374758,-1.114344,-3.238841,2.196986,-1.929572,-3.217065,2.711574,Instrument.Idiophone.Metal.Cymbal
-126.87999,33.990826,6.683396,-5.801124,-26.864941,-17.365416,-15.107477,-17.348135,-7.456009,-3.426738,-4.86364,-1.241231,-3.01838,-2.175276,2.487892,-4.371755,0.130923,-3.323731,1.08253,3.183865,-1.021665,-5.108072,5.274583,0.454225,-0.508505,2.402779,0.639165,1.028414,4.950459,1.685121,Instrument.Idiophone.Metal.Cymbal
-199.584981,16.485145,32.924855,19.562655,14.525583,-0.980524,0.41933,1.923275,-2.801052,-3.079215,-5.776388,-2.184358,-4.162107,-4.121134,3.074365,0.064144,-4.394133,-1.22882,-0.381517,-1.102897,3.849138,6.331243,-0.933092,2.866399,-0.172863,1.373885,-0.760251,-1.772463,0.757086,-0.121219,Instrument.Idiophone.Metal.Cymbal
-350.712638,-37.983524,-48.291742,-12.678058,-20.836734,-19.0579,-18.637205,-17.464262,5.597371,24.351704,18.776982,0.12007,-16.614193,-3.985398,14.300804,2.686061,-19.190687,10.919285,24.42262,4.01241,-6.974806,4.742938,-3.659965,-6.221245,13.826666,-1.776533,-9.072718,22.967221,8.123832,-7.907161,Instrument.Aerophone.Brass.Trumpet
-340.885615,133.032342,-65.734659,4.31226,-2.64732,-12.265929,4.944012,-11.513572,-2.310968,1.102865,-7.230034,-3.849135,-4.234634,6.053795,5.771444,9.404096,6.708527,-4.53402,1.013834,-2.221152,3.301932,1.88128,-2.33079,3.646782,2.366587,0.615251,-0.157837,1.854129,-0.546273,-1.413747,Instrument.Aerophone.Brass.Trumpet
-454.460302,13.960347,-85.797094,-3.69169,-44.602147,-25.351733,-23.430792,-0.476932,34.620737,33.976638,0.467575,-22.834824,-17.766575,13.09442,11.908252,-2.850604,14.807592,33.099705,2.938192,-14.147787,3.53549,4.432374,-3.060374,10.25018,5.477625,9.547601,5.844709,-5.812775,5.236643,4.208578,Instrument.Aerophone.Brass.Trumpet
-306.2586,27.488737,-42.002077,-1.398181,-21.706944,-13.608001,-9.038253,-12.217557,-11.497862,-17.097701,-22.555983,-15.482487,3.170794,22.052235,32.32758,18.17122,-6.733743,-13.214508,3.289063,11.054318,-0.719408,-13.381894,-6.577934,3.939732,-2.547594,-13.077401,7.321372,13.188686,-1.469874,0.150932,Instrument.Aerophone.Brass.Trumpet
-308.197916,24.782373,-38.072865,3.640144,-22.274133,-6.930089,-0.058053,-5.677503,2.098291,-5.742816,-15.381361,-3.918211,0.884915,-1.112528,-9.357517,-18.606452,-17.679353,-12.909564,4.409114,14.299637,18.835539,12.893232,-3.227658,-10.001566,5.524493,11.936603,2.436875,-7.285166,-2.875102,7.889664,Instrument.Aerophone.Brass.Trumpet
-136.372582,44.092268,32.565503,21.33093,1.882249,-8.867734,7.285387,2.703168,-5.985588,-6.765734,5.994942,-7.771144,0.055456,-2.359924,3.529989,5.298319,-2.256224,4.916892,-2.427648,2.073769,-3.575836,1.375194,-1.469601,-3.104696,2.179775,1.261024,-1.045258,-3.462827,-1.542127,2.097522,Instrument.Eletrophone.Electronic.Synthesizer
-228.093443,-1.961942,-25.87417,-20.426958,-19.064126,7.193898,20.104727,4.317697,-13.957685,-21.313387,-8.091024,23.239684,14.331533,1.767885,6.418823,-17.328006,-13.448344,15.407462,16.184446,-9.531646,1.631987,-3.342285,2.948104,3.863576,-3.482046,10.888187,-14.903349,-8.073238,5.273852,-3.851994,Instrument.Eletrophone.Electronic.Synthesizer
-176.831859,15.63827,-20.644537,-27.454177,-23.073323,-27.608975,-10.025099,9.287228,2.633207,4.112036,21.248212,5.182922,-4.84903,2.619881,-10.684936,4.182994,12.23656,-0.346275,-1.313934,-11.557404,1.159636,-7.573205,1.462556,9.259666,0.733391,14.916299,7.224011,-16.187248,-13.872721,6.062244,Instrument.Eletrophone.Electronic.Synthesizer
-222.216786,4.602399,27.568813,20.770262,-16.32788,-13.519031,-16.214168,-9.950768,1.480728,9.345737,0.14393,-16.563987,-11.413928,-1.136164,-6.611352,2.982931,-0.84588,-12.871031,-12.733599,-18.380364,-21.297608,-11.881214,-2.577701,8.238093,20.18713,14.780062,12.257299,1.142435,-4.034915,11.595677,Instrument.Eletrophone.Electronic.Synthesizer
-166.645118,19.58342,-7.683076,-1.652258,-9.671146,-4.547192,-21.359742,-22.23747,-4.601252,-2.304016,-10.091254,-8.239967,4.302049,10.639039,-10.389046,-13.876898,1.083477,-6.334004,-10.162929,-21.546072,-24.740525,-10.059724,-4.446419,2.925149,19.874226,13.590061,8.820242,-8.422597,-2.751953,11.536192,Instrument.Eletrophone.Electronic.Synthesizer
-300.366005,127.365034,-17.756331,14.433355,5.572869,12.522223,5.815912,5.647473,-0.347862,2.520292,-1.356169,5.150216,8.137404,10.225166,5.54273,5.094811,0.439284,1.562629,0.64971,-2.367281,-6.833156,-5.348326,-5.398759,-5.441092,-1.196832,3.077916,-1.503813,-3.631669,-3.100499,1.870059,Instrument.Membranophone.Unimembranophone.Timbale
-196.041874,24.352537,-24.882332,2.503812,4.151919,8.725811,2.573004,2.60208,-5.975742,-2.751728,-3.474178,1.69142,5.285908,-3.638169,3.256321,0.893132,-4.231244,0.695811,0.922647,-0.467386,-2.090578,-1.22519,-4.340629,-6.006726,0.559648,5.432659,-0.705208,-4.970891,-1.794378,-5.99849,Instrument.Membranophone.Unimembranophone.Timbale
-172.047363,38.386119,14.466122,17.164235,0.766851,-1.03721,-9.066731,-3.251917,-4.562294,-6.365769,-7.786928,-1.046317,-7.70198,-1.950583,-6.974192,-7.191399,-0.813099,-1.877794,-5.166222,-9.340266,-6.261336,-7.128056,-7.70927,-2.828596,-1.661808,-3.01232,-6.442327,-3.678624,-1.302655,0.441596,Instrument.Membranophone.Unimembranophone.Timbale
-228.395369,6.66102,14.766611,33.671044,6.078284,5.722411,-1.049475,3.548599,0.508722,4.832351,-6.133146,-2.323369,4.837517,3.530442,1.931769,-3.413458,2.014434,4.141034,-1.930989,-1.612447,-7.809133,-2.148108,-1.652677,-7.493197,-4.759208,-3.813613,-3.792712,-2.399175,-5.523648,-3.299399,Instrument.Membranophone.Unimembranophone.Timbale
-246.700446,97.03,-23.139754,-3.054557,-17.704794,11.110286,-13.79997,-1.758395,-7.227324,-6.817813,-2.218386,5.652134,-1.020622,-3.74458,10.227114,-0.545673,1.417143,0.822859,-1.632358,0.822297,-1.622492,-5.728014,-0.560301,-3.761232,0.051552,2.349994,0.775548,-1.527024,-2.293948,3.924529,Instrument.Membranophone.Unimembranophone.Timbale
-466.633991,-28.510038,-9.197164,6.171679,-14.249073,-24.805373,-18.160887,7.492011,-42.467081,9.826162,-6.147032,-15.834367,-2.896487,-5.380284,-1.520154,-12.380085,20.920583,-32.148207,8.479662,-0.916222,-9.619225,6.603279,5.513677,1.725744,-8.32843,14.488034,-12.642986,-0.517999,14.715855,-7.664403,Instrument.Chordophone.Arco.Violin
-440.321051,-42.090633,-19.947707,-10.119959,-29.985685,-21.120434,4.059592,30.444898,24.031046,-9.709404,-48.665761,-22.986604,14.000033,10.209072,4.230976,29.439016,14.573831,-29.912975,-28.179903,26.50145,5.984631,13.234437,12.431349,-2.450908,14.648546,-7.073767,-20.461232,21.506314,8.312225,2.779982,Instrument.Chordophone.Arco.Violin
-215.655619,42.357309,-20.106094,11.798606,-8.51574,-8.327395,-19.187509,-4.538693,-17.32402,-29.261861,-5.74913,-4.88006,-14.803345,-5.434455,-0.93564,-1.028102,-0.511488,-3.321025,-10.339453,-12.697195,-14.643872,-8.141035,-0.977073,-5.74673,-14.074074,-24.330339,-13.951831,-1.601132,13.892257,15.101681,Instrument.Chordophone.Arco.Violin
-303.239124,-19.355795,-35.440155,10.970797,-17.93508,-29.693942,-23.791883,-21.554483,-24.748931,-25.267162,-33.806844,-29.800567,-10.085064,10.272834,36.313804,35.542058,5.852247,-11.071007,-20.599415,9.448737,21.206689,-15.738134,-16.351499,2.914814,8.510218,-20.595805,-22.680535,12.206707,20.82963,4.972132,Instrument.Chordophone.Arco.Violin
-335.284305,-3.993721,-22.9845,-2.523074,-43.387274,-13.837954,-24.167698,16.756973,11.683668,-12.993042,-40.586898,-25.070385,-1.210647,-0.695344,-2.137786,14.936565,16.060681,-33.762774,-30.393822,10.471044,-1.960153,3.71723,13.389145,-5.353236,9.241377,-7.212136,-20.175734,25.95436,6.129962,-0.509208,Instrument.Chordophone.Arco.Violin
-296.080261,8.275459,-22.368539,-6.648949,-14.64938,-16.872168,-4.211774,6.15196,9.339312,-18.222018,-39.780271,-4.636399,12.952447,-14.289675,-7.365077,10.176445,-15.437973,-36.870049,14.446276,9.680104,-0.919769,1.78133,-10.309959,-6.796592,-3.323809,-20.105656,16.533367,12.329169,-15.837297,-0.879502,Instrument.Chordophone.Arco.Violadarco
-239.040047,91.731041,-35.085273,21.209917,-13.989987,5.571513,-8.128121,-18.640986,-9.580848,0.231038,-12.696875,0.372202,-9.643984,-10.760093,-12.635487,1.213059,2.844499,3.294485,4.867877,4.05605,-5.488048,-0.845498,1.345459,3.918658,1.135512,-8.387142,-4.140982,-12.509962,-14.521813,-20.208052,Instrument.Chordophone.Arco.Violadarco
-227.880538,60.438246,-36.696053,19.574567,-2.484635,-15.079926,-7.849003,-14.58052,-17.11367,-2.576949,-7.425768,-18.982481,-5.665992,-11.502187,-10.970096,-4.44274,-14.42416,-11.091088,-10.810623,-22.262968,-27.655216,-25.808466,-9.316008,22.090628,26.255251,14.918347,-0.21959,-10.030886,-2.240367,12.552093,Instrument.Chordophone.Arco.Violadarco
-265.879219,12.66061,-14.201227,-21.463928,-13.759661,-3.90386,-10.103262,5.393702,-15.356827,-28.473728,-16.528218,10.667044,-10.5566,-14.873748,-6.087951,-20.488213,-20.0621,21.744229,2.855823,-12.529196,-3.568194,-18.558182,-9.947484,6.861247,-13.289242,9.59665,-25.68167,-1.541455,8.401506,-5.484749,Instrument.Chordophone.Arco.Violadarco
-308.127467,52.628185,-39.352441,11.518021,-11.978492,-16.455664,-18.157655,-23.20738,-18.60758,-10.74275,-16.538434,-28.138839,-29.121644,-38.878628,-20.235733,14.684886,33.579724,35.378348,16.970309,-9.498253,-19.64794,7.264198,11.705462,1.440871,-18.499774,-5.754568,8.709128,-1.48775,-13.570863,-9.578655,Instrument.Chordophone.Arco.Violadarco
-280.51864,117.865463,-20.248426,19.980544,3.689203,8.142459,4.912233,-6.039597,-5.497182,-0.740852,-5.807117,0.765368,-2.611468,-0.501684,0.259652,-8.532775,5.297424,0.793391,-4.029158,-13.60495,-7.433777,-0.88661,-7.913883,-1.348845,2.162182,-1.563003,-1.882932,-6.143837,2.38721,-1.433947,Instrument.Chordophone.Arco.Cello
-322.887069,139.17815,-1.700729,24.21861,3.753171,7.481371,13.938072,2.370016,-5.576483,-0.155871,-2.055127,-0.126724,6.038753,-0.226332,-10.295453,-1.307818,6.418725,9.968155,-0.918975,-0.705526,0.492168,5.48249,-8.260419,-8.603922,-6.052305,-0.897887,0.483935,-6.110732,4.692889,-2.513174,Instrument.Chordophone.Arco.Cello
-352.077353,13.377021,-6.943139,5.520786,-15.916627,-21.49739,-11.527018,7.975908,28.483841,1.294081,-36.686997,-25.282852,-0.6908,4.297873,-13.984315,9.510585,25.999685,-20.871571,-30.344742,7.53607,-0.215208,-3.653396,14.668635,-10.743795,4.834752,-1.416541,-31.048331,11.815931,5.425702,-9.941676,Instrument.Chordophone.Arco.Cello
-352.473969,134.596341,1.227057,33.203482,2.155502,4.390028,9.718697,2.049595,-12.447184,7.690257,7.338781,4.998317,2.14778,6.204201,-11.780911,1.019355,6.044781,3.950691,-7.907376,-1.564757,-5.617563,1.180898,0.27381,-3.000319,0.447878,-4.963559,-7.945995,-7.637417,-1.891672,-6.935231,Instrument.Chordophone.Arco.Cello
-330.686872,119.383394,-19.401783,23.414024,8.890686,4.748318,5.003725,0.521961,-7.610528,1.986628,4.869055,-7.588942,-6.504153,0.843012,-8.989322,-1.600162,-0.130421,-5.833782,-1.346469,1.634896,0.8913,0.387881,-4.928764,-8.958784,-9.68005,-10.693304,-5.638914,-11.529059,-6.176543,-6.738183,Instrument.Chordophone.Arco.Cello
-161.953043,28.456641,2.200989,4.372129,-4.226228,-4.303763,-6.298452,-2.24692,-3.675724,3.311118,-2.824463,-1.432965,-4.146615,-0.627855,-3.144603,-4.46602,-7.040431,-4.609481,-8.541969,-4.540324,-3.396915,-4.211768,-4.788504,-3.38615,-3.498225,-4.38381,-2.842191,-0.946997,-4.125806,-4.883582,Instrument.Membranophone.Bimembranophone.Snare
-147.434886,37.12094,6.039183,19.723751,8.510416,-1.557676,-4.25754,-3.5923,-3.418297,-1.470776,1.356408,-2.047699,-2.373857,-3.729964,-5.801778,-5.84482,-4.136582,-5.533785,-3.874888,-7.132189,-7.98223,-10.743673,-9.033714,-5.059345,-2.773549,-1.765214,-2.018806,-0.964692,-1.20239,-3.565105,Instrument.Membranophone.Bimembranophone.Snare
-175.177766,32.447534,9.934835,15.615825,4.754794,6.896328,2.830494,1.668236,-2.152198,-2.246032,-2.280839,-0.88871,3.388142,-3.566901,-6.151665,-5.401359,-4.974101,-4.797707,-3.926053,-7.93961,-4.650753,-4.801654,-2.20686,-2.567464,-1.637572,-1.874554,-2.747603,-3.145092,-2.318689,-2.593159,Instrument.Membranophone.Bimembranophone.Snare
-164.942998,40.307716,-1.111706,5.0666,-0.164313,-12.046558,-5.8301,-6.007441,-4.232417,-5.042708,-2.013559,-3.406307,-6.883246,-5.818926,-6.159397,-5.316474,-9.008918,-5.917332,-5.723208,-4.337227,0.30979,-1.43541,-3.095036,-5.363076,0.372321,0.423505,0.429613,0.231875,-0.299653,-1.518187,Instrument.Membranophone.Bimembranophone.Snare
-190.949542,25.504706,5.143763,20.246765,3.952836,-4.314382,-4.601025,2.951055,-1.172061,2.073214,-1.304042,-3.542511,-2.324708,-2.705883,-2.580072,-2.623743,-6.797537,-10.339682,-10.59303,-6.53626,-3.473441,-6.227189,-5.160462,-4.604879,-3.500518,-6.77544,-10.4025,-5.968595,-6.41274,-1.413597,Instrument.Membranophone.Bimembranophone.Snare
-177.735725,97.595474,-43.162703,26.91455,-3.646121,7.924148,4.404697,11.67268,-1.786833,-1.123476,-6.482847,-5.425996,2.647944,3.96109,3.275164,-1.420148,1.312633,4.999198,-2.439264,-10.283602,-1.908196,1.634287,-3.786011,2.08769,3.744619,-0.007894,1.369382,2.548255,-5.525299,-1.498609,Instrument.Eletrophone.Electroacoustic.Bass
-414.714813,130.265049,25.048771,37.382493,10.246974,23.744156,10.007658,2.417586,2.052386,15.991983,18.043926,9.369784,-0.652328,2.932016,6.61879,5.256545,-2.693156,-0.462642,-6.564433,-2.742136,-0.887695,-2.961482,1.437354,-1.038406,-1.973905,-2.013845,-0.514148,-1.613307,-1.802708,0.346131,Instrument.Eletrophone.Electroacoustic.Bass
-569.280072,140.407827,37.858737,51.153363,41.174689,23.644001,14.973859,5.221151,13.284142,18.9426,12.93017,7.396624,5.671775,2.947554,5.471181,0.963657,-1.014754,-1.492209,-0.159245,-5.543915,-5.787175,-3.276712,-2.112529,-1.599238,-1.646306,0.615988,1.700184,0.397037,-0.127331,-0.885804,Instrument.Eletrophone.Electroacoustic.Bass
-606.175537,200.148359,62.073596,38.55262,14.320811,22.545189,3.452331,5.783069,20.950933,4.847229,-4.416381,-9.147674,-4.236056,7.530119,11.535619,3.493227,-6.196883,7.784218,8.36467,-3.164775,6.023001,4.893415,-5.597828,2.856355,3.352612,-6.882241,-0.9448,-9.889985,-0.127959,6.72663,Instrument.Eletrophone.Electroacoustic.Bass
-373.122268,122.757032,-0.900712,45.816926,32.874432,20.519821,18.255064,14.663643,-1.946917,12.142689,-4.700831,2.697499,5.486759,1.67501,-2.593511,-9.173275,-3.110012,-3.208133,-5.897232,1.672339,-2.892533,-0.525531,1.353276,1.901845,-1.890804,-0.779062,0.562264,3.453665,-0.036822,2.89003,Instrument.Eletrophone.Electroacoustic.Bass
-366.129796,78.271405,23.511993,49.069066,8.267631,18.311205,7.022822,7.79088,4.112745,9.158945,3.783297,3.291722,3.765521,4.765347,4.738169,4.584915,-2.87081,-2.530084,3.869701,1.819944,1.36568,0.166693,-2.165243,0.974315,1.298119,2.296793,-0.957615,0.4088,1.953764,1.624856,Instrument.Membranophone.Bimembranophone.Toms
-285.521895,72.570912,20.037226,22.190784,1.718812,14.197508,0.67855,5.657607,4.915965,2.718189,-2.98673,-1.183331,-2.610669,1.040057,-0.261816,-3.77728,-2.66865,4.279211,7.171952,1.200907,-4.005045,-2.035792,-0.530969,0.175679,-0.522078,3.010113,-2.197708,-1.139471,-2.122921,-3.986927,Instrument.Membranophone.Bimembranophone.Toms
-218.53766,63.596216,17.279266,25.383068,3.955937,12.901156,3.087815,10.473174,1.320673,-0.426422,-5.569046,-2.837423,4.922755,4.922754,0.565135,-5.684241,-0.979673,4.863213,2.760335,-3.615093,-5.296693,0.201739,3.758826,-0.904967,-2.307818,-1.817099,0.982361,-0.00601,-1.368618,-2.49277,Instrument.Membranophone.Bimembranophone.Toms
-218.233626,18.422181,11.004331,17.275443,4.926912,18.249697,5.666531,9.889828,3.624881,7.831224,4.851312,6.505041,2.431621,1.177463,-1.03454,0.927161,3.036595,-1.653881,-0.908104,5.372336,2.574334,0.184436,-3.159968,-1.427085,-1.433628,-4.903992,-6.379102,-3.438201,-1.973202,-4.318905,Instrument.Membranophone.Bimembranophone.Toms
-386.630167,85.088277,14.515077,40.821183,5.345377,22.468942,7.794819,13.71664,5.306429,4.670578,3.963362,4.232858,3.187536,3.042725,0.344238,2.26268,0.605302,-0.13978,3.287689,2.969347,0.541326,-0.346416,-3.203919,-0.175082,0.649786,-1.079778,-1.537268,-2.034011,0.531841,-1.000274,Instrument.Membranophone.Bimembranophone.Toms
-406.306272,-60.956446,-15.697124,-61.322897,-25.980222,-14.875186,23.136909,18.164059,1.080327,-7.970162,-34.97776,-5.04652,-5.568836,14.058057,2.907408,7.799147,-18.323693,-0.003542,-5.180109,2.53925,15.083159,1.702919,-0.677257,-8.307508,4.854498,-3.106628,11.116901,3.690964,2.481736,-3.873717,Instrument.Idiophone.Metal.Bells
-462.071807,-99.303803,-8.028998,9.218668,-0.791157,6.204623,-20.397101,-15.633597,-1.477282,-10.343912,8.499668,5.152951,-1.989173,5.95574,-0.338134,-6.626149,-0.452695,-7.197273,-10.362789,-1.369318,-10.088361,-3.972385,1.237186,-0.500831,2.795325,-4.662534,-7.459934,3.626858,-1.057238,4.24489,Instrument.Idiophone.Metal.Bells
-422.087697,-67.245339,-30.560906,-42.100506,-6.24806,12.585369,20.236327,-23.071394,-13.839053,-23.763734,16.632986,4.04413,1.272083,-15.530026,-3.849067,-1.701242,16.396847,-8.787708,-3.728706,-9.826907,-3.846969,-0.268822,3.312528,-6.669086,-3.98574,-3.641995,7.715801,3.721742,-1.441686,1.165525,Instrument.Idiophone.Metal.Bells
-460.954348,-80.587118,-38.713199,-4.58111,13.392704,0.711519,-32.284335,-6.620284,9.320341,10.17749,-14.616489,-11.60728,6.17293,3.384633,-4.683513,-10.239704,-3.191862,5.659106,-4.872837,-7.441569,-6.749986,2.666575,-4.417649,-4.260756,-3.194044,4.797324,3.975736,-5.109263,0.296429,3.637308,Instrument.Idiophone.Metal.Bells
-405.134903,-54.632261,1.694417,-29.645873,-17.297682,-42.788782,-28.884523,3.835896,3.393107,-8.443708,30.018297,10.060842,11.978328,-4.780472,-19.083018,-0.645955,-23.803297,-4.630466,-5.264787,5.204292,6.349418,10.460263,10.515238,-0.167617,-6.799649,3.542305,-13.776359,2.319826,-10.186146,8.787915,Instrument.Idiophone.Metal.Bells
